*REFINE 2 2 5
*RANGE 1 1 1:17
*RANGE 1 110 1:17
*RANGE 30 1 1:17
*RANGE 30 110 1:17
*PERMI *RG 1 1 1 *ALL 18.28080000 28.59270000 30.07450000 47.36960000  3.36499000  1.67036000
  3.71000000  2.92839000  7.62835000  4.03885000 10.70520000  1.98132000
 43.59180000 45.99390000 17.53040000 18.24790000  6.18510000  7.77543000
  5.73025000  5.64512000
*PERMI *RG 1 1 2 *ALL  1.65411000 10.31320000  5.38115000 12.31390000  0.58606100  1.75533000
  0.50223900  1.25328000  9.18547000  5.79754000  5.03080000  7.87859000
  7.22917000  6.82430000  4.01542000  5.04006000  3.80797000  2.10561000
  5.65894000  1.52676000
*PERMI *RG 1 1 3 *ALL  5.22967000  4.72834000  2.57218000  3.58262000  0.24174400  0.16196000
  0.20959900  0.29804000  1.01771000  3.15143000  1.10474000  1.25733000
 13.10580000  5.98700000 10.99720000  6.57069000 12.77830000  3.74266000
  8.18590000  6.70659000
*PERMI *RG 1 1 4 *ALL  9.94721000 14.99030000  2.49291000  4.45309000  4.55570000  9.93584000
  8.24720000 18.59280000 28.01560000 11.65400000 23.09860000  8.99115000
  7.33140000  3.80058000  3.44624000  1.11392000  7.26533000  7.34323000
  4.43832000  6.20509000
*PERMI *RG 1 1 5 *ALL  1.49514000  0.37722800  1.51664000  0.85115300 18.17640000 32.75990000
 18.28520000 18.63340000  9.84164000  7.98164000  6.73555000 12.35960000
  1.73796000  9.04602000  1.43811000  4.41023000  3.71609000  2.08380000
  2.39055000  4.57370000
*PERMI *RG 1 1 6 *ALL   4.64390000   2.36133000   3.24247000   2.09667000 114.43400000
 210.81100000  99.95770000 164.24000000   1.99846000   1.57212000
   9.23235000   7.52856000   6.69666000   9.64476000  17.89910000
  21.69290000   3.17326000   3.76816000   2.48499000   5.88020000
*PERMI *RG 1 1 7 *ALL   8.39482000   6.78785000  21.19980000  15.32100000  50.99740000
  64.94490000  38.60270000 240.76100000  11.96500000  31.18900000
  21.61420000  42.87430000  57.27520000  35.52090000  85.17520000
 113.27000000  18.52380000   3.14943000   7.85745000   5.70879000
*PERMI *RG 1 1 8 *ALL   0.03040800   0.06515000   0.18875300   0.01954600   0.01081500
   0.04704500   0.08641600   0.01864400   0.05089400   0.07899300
   0.06407900   0.12647500   0.10648000   0.08097000   0.04856200
   0.10035000  36.07800000 129.23200000  36.43880000  95.20180000
*PERMI *RG 1 1 9 *ALL  703.38700000  477.39500000  936.66300000  309.88800000 6284.38000000
  644.32800000 4005.14000000  516.16500000  187.49500000  374.74000000
  124.34800000  652.58200000 2442.81000000  282.66100000 1422.60000000
  232.81400000    0.13249100    0.03147900    0.18126600    0.02620300
*PERMI *RG  1  1 10 *ALL   0.08763700   0.04238500   0.06936300   0.14769600 618.34000000
 541.90800000 628.16300000 561.29100000 233.80400000  72.66050000
 145.98600000 104.59700000  15.52030000  19.96120000  24.65030000
  10.31090000 419.23900000 201.35500000 300.46900000 157.00500000
*PERMI *RG  1  1 11 *ALL 1037.09000000 2021.43000000    0.30816000  638.08900000  144.50700000
  383.39600000    0.13206000  341.40300000    0.04502900    0.37130000
    0.15789000    0.86906600    0.20621100    0.96831900    0.21328000
    0.39614200    0.61728700    0.25857000    0.17264000    0.70109200
*PERMI *RG  1  1 12 *ALL 0.08025200 0.13223400 0.16142600 0.06526800 0.10006300 0.07671200
 0.05443000 0.03792600 0.05349300 0.07482400 0.10253500 0.03328700
 0.06024900 0.07337800 0.04825300 0.07990400 0.02839100 0.02393600
 0.03198400 0.05648200
*PERMI *RG  1  1 13 *ALL   0.01865000   0.05042800   0.03136500   0.04262500   0.00970900
   0.02394400   0.02936200   0.01899900  90.69970000  64.93700000
   0.05494100   0.02301300 542.98900000 197.96300000 664.85500000
 166.77100000 178.77900000 111.82400000 183.98500000  12.86010000
*PERMI *RG  1  1 14 *ALL  53.77480000 125.89900000 216.31900000 203.16400000  63.34230000
 142.34000000 150.68100000  55.91950000  17.88200000  16.23540000
   9.43049000  23.47220000 111.40600000  24.41230000  78.62610000
  34.56550000 469.14700000 122.26200000 249.42400000 149.75900000
*PERMI *RG  1  1 15 *ALL 120.35500000 389.05300000 108.78700000 294.58500000  66.85160000
  33.64620000  38.05640000  40.91450000  37.49300000  48.71640000
   0.03464300  43.12240000   0.11822100   0.17194100   0.11063700
   0.09422700   0.28428400   0.26256600   0.12722600   0.22366000
*PERMI *RG  1  1 16 *ALL 1.84032000 0.18786900 0.24210000 0.28512200 0.38014000 0.19990500
 0.50730200 0.71260600 0.61109200 0.61732300 0.38655100 0.43817600
 0.28326100 0.44960200 0.19355400 0.49873500 0.24561400 0.06952300
 0.08774200 0.34430300
*PERMI *RG  1  1 17 *ALL 0.09984800 0.08917500 0.05125000 0.35045000 0.03749000 0.05916300
 0.07534100 0.11915800 0.11531300 0.10734200 0.05886600 0.12524400
 0.06305100 0.03906600 0.06919300 0.10314600 0.06454200 0.03408300
 0.11285900 0.10633900
*PERMI *RG   1 110   1 *ALL  1.71021000  1.72338000  1.49704000  0.91801700 30.73360000  6.63662000
  6.23794000  4.48868000  1.29745000  2.17212000  1.21694000  7.75117000
  4.87943000  3.69653000 10.56080000  5.99302000  1.04622000  0.44927300
  0.64563800  0.25882300
*PERMI *RG   1 110   2 *ALL   2.89169000   8.24992000  15.83500000  15.19620000   1.20588000
   4.27991000   1.69997000   3.85606000   1.82287000   1.37320000
   1.26902000   2.32572000  14.15030000  23.52360000  10.16620000
  48.10380000  68.99470000  46.44160000  60.55350000 121.95900000
*PERMI *RG   1 110   3 *ALL    0.75333900    0.83994000    0.63870700    0.77847000    0.03885500
    0.02315200    0.01818200    0.02223800    2.85702000    1.54753000
    7.88916000    3.92057000    4.49504000    7.19477000   12.54230000
   11.03980000 2637.03000000 3410.81000000 1120.75000000 1638.44000000
*PERMI *RG   1 110   4 *ALL   3.73473000  10.23490000   9.08153000   5.07202000 324.77800000
 891.97900000 152.78200000 205.09100000  10.43840000  11.00930000
  13.36330000  40.29960000   5.21624000   4.01561000   4.82859000
   3.73139000   1.75085000   3.10234000  28.64260000  20.45140000
*PERMI *RG   1 110   5 *ALL   5.98298000  20.60920000  46.26250000  19.54830000  47.96380000
 101.04700000  12.52690000  20.46070000  31.10340000  29.56350000
  41.91460000  20.35970000  23.33460000 145.14100000  79.49360000
  28.94500000   8.98949000   4.16357000   4.82374000   1.65457000
*PERMI *RG   1 110   6 *ALL   1.14625000   2.41240000   0.98267600   2.83368000   0.69914500
   0.33554000   0.40910000   0.92976800 244.58400000  97.27550000
 203.36000000 151.74000000  62.78180000  51.84180000  63.28040000
  53.04040000   5.40390000   7.05659000   5.06325000  16.05720000
*PERMI *RG   1 110   7 *ALL 11.95320000 15.55660000  7.06306000 11.29670000  2.03100000  2.92832000
  0.61046700  1.30830000  2.28737000  2.09278000  3.41808000  3.19721000
  0.69302700  1.18068000  0.93736800  1.38426000  4.15085000  2.03687000
  2.11565000  2.75817000
*PERMI *RG   1 110   8 *ALL 0.05375700 0.01239700 0.21982400 0.05796200 0.03477800 0.01063800
 0.06742800 0.04018900 0.04152800 0.06681500 0.05674500 0.05551100
 0.06748400 0.07899200 0.04212800 0.02175200 0.25596600 0.05325100
 0.02696400 0.02303700
*PERMI *RG   1 110   9 *ALL    0.19239000    0.02481900    0.04402500    0.02252300  156.27500000
  599.96500000  395.34700000  507.69800000   20.56590000 1365.16000000
   17.85830000  491.02100000  202.13200000   99.49190000  163.87900000
  173.01800000  319.33600000  261.85600000  165.87200000  192.35800000
*PERMI *RG   1 110  10 *ALL 1778.27000000  320.93600000 1857.42000000  384.07000000    0.17741000
    0.13870700    0.72060100    0.12650300    0.34582500    0.07986600
    0.45547300    0.12798900    0.33358500    0.07994800    0.38613500
    0.10307900    0.17287200    0.31805300    0.16312200    0.09100900
*PERMI *RG   1 110  11 *ALL  654.93500000  331.01600000  414.48800000   87.60810000 1348.83000000
 1011.08000000  515.16800000 1619.02000000  426.79700000  168.21300000
  227.47100000  191.60100000  293.81400000  248.33800000  152.69200000
  276.98200000    0.02568100    0.02767800    0.07629800    0.03213700
*PERMI *RG   1 110  12 *ALL 1181.24000000 1146.94000000 1329.91000000  881.90300000  355.42600000
  584.70600000  296.60900000  509.35500000   84.47360000  264.67000000
   99.59240000  247.43600000  219.27800000  293.81300000  240.37100000
  105.29900000  112.58300000  427.19500000   99.54250000   62.52090000
*PERMI *RG   1 110  13 *ALL 728.49200000 305.88900000 746.94000000 398.87100000 283.05100000
 330.07900000 445.31700000 387.68900000  19.98900000 169.14700000
  44.28280000 282.53200000 388.77900000  42.41100000 174.58200000
 132.97100000 214.70800000 212.51100000 310.03000000 337.22000000
*PERMI *RG   1 110  14 *ALL 0.05342700 0.15090100 0.05749700 0.36175900 0.04229900 0.10016000
 0.19356200 0.07723200 0.02838400 0.10223700 0.21173700 0.06290300
 0.11426100 0.09819300 0.06570800 0.07464800 0.10290300 0.16631400
 0.11229100 0.17072400
*PERMI *RG   1 110  15 *ALL    0.03433100    0.44316800    0.23659000    0.06422400  828.42000000
 2098.40000000  190.53200000 2053.13000000  314.82600000  143.18200000
   41.91960000  215.63300000   35.27840000   34.98810000   96.94120000
   11.23870000  369.81100000  103.01800000   31.81550000   47.94990000
*PERMI *RG   1 110  16 *ALL 989.24800000   0.04868100   0.01851300   0.01680100   0.00880700
   0.07775400   0.00645000   0.04032000   0.04174700   0.11721700
   0.01151300   0.06315300   0.04807000   0.07396700   0.00512800
   0.03610300   0.02687600   0.08486000   0.00532400   0.03572700
*PERMI *RG   1 110  17 *ALL    0.07895700    0.01550700    0.05828200    0.02832600  114.41300000
   28.43460000  421.21500000  103.63000000  130.15000000   21.91350000
  185.56200000   29.73860000  258.42500000  183.87700000 1096.02000000
  112.34800000  127.70500000  102.22300000  130.46800000  111.09900000
*PERMI *RG 30  1  1 *ALL 122.08300000 143.60800000  80.00470000 121.91300000   6.65024000
  11.32860000   3.23480000  11.86940000   6.51472000  20.74070000
  26.46150000  19.66320000  13.24750000   4.26466000  11.74490000
   6.37663000   5.72411000   2.83000000  12.13560000   9.51637000
*PERMI *RG 30  1  2 *ALL 65.25840000 45.58660000 17.15060000  9.68473000  5.43708000  6.13174000
  4.21772000 11.52650000 65.10920000 37.71020000 25.57250000 11.15660000
  0.41076900  0.68696600  0.27956300  0.59223500  1.68269000  1.94980000
  2.79034000  1.91581000
*PERMI *RG 30  1  3 *ALL  60.39830000  45.73350000 156.63400000  21.30040000  65.09010000
  81.83840000  57.03620000  50.48110000 125.02700000 508.48000000
 202.10000000 201.85400000  69.65370000  14.17940000  13.32520000
  12.12910000   6.83473000   3.36413000   4.01355000   4.34095000
*PERMI *RG 30  1  4 *ALL   2.89847000   1.84616000   1.63842000   0.68411600  11.73190000
  25.95860000  10.67890000   4.94794000   1.26319000   1.02355000
   0.67340900   1.31684000   0.96762200   0.80960000   0.65635700
   0.70781000  33.68890000 151.01200000  28.32730000  45.57820000
*PERMI *RG 30  1  5 *ALL 13.17850000  8.91284000  5.01951000  5.03822000  0.66292400  0.56792200
  0.79360000  0.36799600 18.76770000 36.60700000 45.78390000 29.71700000
  8.94500000  9.82990000 12.70290000  9.63989000  3.91301000  3.10981000
  4.77381000  2.87994000
*PERMI *RG 30  1  6 *ALL  0.66949800  0.84874600  1.63743000  1.92915000 10.21640000 75.26500000
 42.00820000 37.89690000  5.68286000  8.71380000  8.55699000 10.13360000
 48.35600000  6.81737000 21.36660000  5.54872000  1.57144000  1.01138000
  0.43506400  0.46067000
*PERMI *RG 30  1  7 *ALL 6.92182000 9.98100000 2.21490000 3.12009000 2.17959000 1.50766000
 0.69145500 1.40744000 0.71118000 0.89664900 0.89641100 0.46925100
 7.60650000 4.60506000 8.59167000 5.59428000 0.95066800 0.30228100
 0.81829800 1.08995000
*PERMI *RG 30  1  8 *ALL    0.92384600    0.52919900    0.20356000    0.26714300    0.87052200
    0.23961300    0.19341400    0.42860500   57.95830000  235.00500000
   61.77570000  253.38900000  127.99500000 2311.09000000  237.98700000
 2182.04000000  195.67400000  103.21400000  258.02400000  166.52200000
*PERMI *RG 30  1  9 *ALL 0.13911300 0.22045300 0.22129800 0.03908700 0.19561800 0.08700700
 0.11929300 0.09201800 0.26417700 0.17901000 0.58250600 0.66537700
 0.60345600 0.22306800 0.65127800 0.50904900 0.69563100 0.19702500
 0.29308000 0.68273900
*PERMI *RG 30  1 10 *ALL    0.43114700    0.11207100    0.12708900    0.58353900    0.42958500
    0.08841700    0.26885600    0.09654600    0.07571300    0.03605900
    0.11593300    0.02659600    0.02654400    0.05031400    0.09150300
    0.02097300  737.31000000  361.75200000 2189.32000000  617.36800000
*PERMI *RG 30  1 11 *ALL 1416.03000000  640.52000000 1081.95000000  542.94100000  296.82600000
  543.74300000  388.75300000  502.02300000  122.86600000   30.79560000
  122.64300000   46.20060000   72.42130000  336.72900000   83.67040000
  271.71700000  390.86600000  148.13500000  220.38500000  252.94200000
*PERMI *RG 30  1 12 *ALL  78.36650000  16.15500000  54.80640000  16.03820000   9.70961000
  48.01370000   7.19734000  34.56050000   0.13191300   0.19143400
   0.07150600   0.03302800   0.22086700   0.05305700   0.02308600
 184.37300000   0.07288500 255.87700000   0.02740300 459.08000000
*PERMI *RG 30  1 13 *ALL   0.06132200  34.25570000   0.06395900  69.30380000   0.30995300
 377.12800000   0.15577400 223.50100000   0.17108700   0.14245100
   0.27218000   0.12767800   0.10922000   0.49204800   0.07305900
   0.18783200   0.07177500   0.24783200   0.03840300   0.41271500
*PERMI *RG 30  1 14 *ALL   0.07842600   0.10585100   0.14514200   0.24667500   0.12745800
   0.07951700   0.08865000   0.19794500   0.33277200   0.06160200
   0.19004000   0.07850000  10.68190000  21.03820000   0.11167400
  22.76890000 379.18300000 265.16600000   0.15571100 378.15900000
*PERMI *RG 30  1 15 *ALL 305.35700000 312.99100000   0.36328100 210.09800000   0.12235900
   0.11911000   0.10552300   0.11272400   0.07410000   0.03477300
   0.05315500   0.09984200   0.03326800   0.01890000   0.04020500
   0.11928300   0.04723200   0.01354300   0.03311700   0.08847600
*PERMI *RG 30  1 16 *ALL 0.09599800 0.07058800 0.03487800 0.11782800 0.20815600 0.19106500
 0.16821800 0.13774800 0.64303000 0.72692000 0.14211400 0.17438800
 0.23449000 0.50163800 0.12203500 0.28541200 0.26442800 0.50065900
 0.17752600 0.55711600
*PERMI *RG 30  1 17 *ALL    0.03253700    0.15618400    0.12789300    3.10641000 1441.95000000
 2459.85000000 1446.60000000 1081.45000000 1060.90000000  405.35800000
 1326.07000000  496.21500000   17.86340000   39.05770000   10.37970000
   24.05530000   98.32700000  169.98200000  166.54800000  293.28600000
*PERMI *RG  30 110   1 *ALL  6.53756000  8.67138000  5.51226000  6.94831000 61.90300000 25.57810000
 19.24550000 25.14180000  0.19044500  0.29865500  0.13500600  0.16726800
 13.19020000  9.16739000  5.61812000  3.77891000  0.69166900  0.86747900
  0.70264000  0.66849800
*PERMI *RG  30 110   2 *ALL  20.14190000   9.11706000   9.05190000   1.82415000  28.72170000
  11.40190000  32.92010000  24.87160000  13.67730000  61.10800000
  12.46740000  32.66400000  20.22340000  65.48660000  51.02690000
 118.55000000   3.31491000   3.84365000   5.76592000   3.06098000
*PERMI *RG  30 110   3 *ALL 13.16450000 10.20350000 12.85240000 47.87020000 23.83840000 22.06890000
  9.91028000 13.39400000  1.86091000  3.79213000  3.90580000  4.91571000
  1.37443000  3.74211000  1.20360000  2.47739000  1.27485000  1.83861000
  1.35080000  2.70212000
*PERMI *RG  30 110   4 *ALL  12.39410000  78.92550000  22.64010000  16.56140000 183.38600000
 274.02900000 291.43500000 143.11100000  11.41810000   4.39455000
   7.27368000   4.05078000   2.15275000   6.69717000  10.67980000
   4.31222000  69.43810000  65.73560000 157.45300000 171.76500000
*PERMI *RG  30 110   5 *ALL  3.90658000  3.13732000  5.07784000  6.32046000 25.61150000 33.74250000
 62.92140000 29.32750000  5.86189000  1.95962000  2.43217000  3.04646000
 29.05360000 13.16400000 13.63420000 13.56860000 11.66160000 36.29480000
  7.05340000  3.63049000
*PERMI *RG  30 110   6 *ALL  123.94300000   33.96570000   93.73760000   58.00290000  706.57300000
 1053.54000000  518.66700000  811.26400000   43.12370000   54.27410000
   45.09340000   50.59720000   12.38070000   23.85730000   41.15830000
   31.15540000   26.99780000   14.98940000   40.56540000   68.98560000
*PERMI *RG  30 110   7 *ALL   24.71700000   16.89970000   10.45810000   11.44210000  832.97600000
  485.43400000  578.48100000  259.07200000   12.00290000   12.93950000
   11.22250000    4.54188000   26.16610000   27.43520000   84.16290000
   93.02620000  716.80700000 1183.26000000  593.54400000  497.93400000
*PERMI *RG  30 110   8 *ALL    0.14714300    0.17286500    0.08627300    0.14148600  689.71600000
  146.96900000  534.04800000  132.61200000 1070.12000000 1117.09000000
  577.06900000 1430.35000000  307.84100000  971.83300000  312.66500000
  630.64200000  168.86600000  498.82600000   66.18200000  194.92000000
*PERMI *RG  30 110   9 *ALL    0.10981700    0.37628600    0.18522400    0.18791500    0.40341000
    0.20200400    0.47474700    0.11536600    0.97215300    0.05517400
    0.37806200    0.02998900  418.48300000    0.28204100  561.45800000
    0.06454000  235.27800000 3802.56000000  496.99800000    0.18916900
*PERMI *RG  30 110  10 *ALL 414.69200000 282.79400000 430.31700000   0.08308800 644.67000000
 498.80300000 690.49000000   0.03591900   0.02312100   0.08222500
   0.04084100   0.02642000   0.08089900   0.07215000   0.05041100
   0.03499500   0.36733400   0.05466100   0.14395500   0.17813900
*PERMI *RG  30 110  11 *ALL    0.12016600    0.05043800    0.24150400    0.18024700    0.11125200
    0.06161600    0.37855300    0.16098100    0.38064000    0.07123000
    0.09622200    0.05620000    0.14664200    0.16352400    0.12404700
    0.18329100   70.94200000 2333.00000000   56.79990000 1960.13000000
*PERMI *RG  30 110  12 *ALL  207.27700000  994.51700000  133.09900000  722.05400000   93.92410000
 1180.34000000  125.48800000  881.52500000 2172.41000000   81.39080000
   75.84070000  118.09100000  404.87200000  305.45000000  108.95300000
  639.73200000  187.34500000  400.56000000  114.04800000  192.90800000
*PERMI *RG  30 110  13 *ALL   18.39520000    7.26464000   24.49880000   12.45010000  141.80600000
  159.32600000   84.00050000  160.85900000  419.08100000 2608.13000000
  659.10100000 1356.62000000   41.85020000  142.77500000   18.06610000
   97.72780000 1334.02000000 5452.35000000 2807.27000000 9075.40000000
*PERMI *RG  30 110  14 *ALL 610.85400000 164.40400000 211.54500000 180.85800000   6.62989000
  24.08130000  12.62570000  42.63110000   0.93176800   0.06045600
   0.30897500   0.07478500   0.98928400   0.14330300   0.22859100
   0.20768100   2.32398000   0.19602100   0.73691300   0.20430300
*PERMI *RG  30 110  15 *ALL 1080.82000000  250.03900000  611.64500000  382.78000000 4356.25000000
  614.40400000 8465.50000000  736.92800000  469.23000000  345.05200000
  905.22700000  340.81300000  296.91500000  608.95000000  510.49900000
  487.32600000  215.95900000  229.50600000  321.62600000  237.33800000
*PERMI *RG  30 110  16 *ALL 159.30200000 314.32000000 124.79400000 164.10000000  69.26270000
 148.18400000 162.55200000 295.87800000   0.04612200   0.19893600
   0.24653400   0.28742900   0.05095400   0.10596200   0.05812100
   0.12130500   0.14307100   0.16057400   0.12638500   0.05612500
*PERMI *RG  30 110  17 *ALL 0.02997400 0.05171300 0.09143400 0.13441300 0.17538600 0.18747900
 0.07347900 0.50029100 0.14081700 0.24379400 0.04384600 0.59506600
 0.08440200 0.06477800 0.09524200 0.53602800 0.11108800 0.26901900
 0.08733300 0.16469300

*PERMJ *RG 1 1 1 *ALL 18.28080000 28.59270000 30.07450000 47.36960000  3.36499000  1.67036000
  3.71000000  2.92839000  7.62835000  4.03885000 10.70520000  1.98132000
 43.59180000 45.99390000 17.53040000 18.24790000  6.18510000  7.77543000
  5.73025000  5.64512000
*PERMJ *RG 1 1 2 *ALL  1.65411000 10.31320000  5.38115000 12.31390000  0.58606100  1.75533000
  0.50223900  1.25328000  9.18547000  5.79754000  5.03080000  7.87859000
  7.22917000  6.82430000  4.01542000  5.04006000  3.80797000  2.10561000
  5.65894000  1.52676000
*PERMJ *RG 1 1 3 *ALL  5.22967000  4.72834000  2.57218000  3.58262000  0.24174400  0.16196000
  0.20959900  0.29804000  1.01771000  3.15143000  1.10474000  1.25733000
 13.10580000  5.98700000 10.99720000  6.57069000 12.77830000  3.74266000
  8.18590000  6.70659000
*PERMJ *RG 1 1 4 *ALL  9.94721000 14.99030000  2.49291000  4.45309000  4.55570000  9.93584000
  8.24720000 18.59280000 28.01560000 11.65400000 23.09860000  8.99115000
  7.33140000  3.80058000  3.44624000  1.11392000  7.26533000  7.34323000
  4.43832000  6.20509000
*PERMJ *RG 1 1 5 *ALL  1.49514000  0.37722800  1.51664000  0.85115300 18.17640000 32.75990000
 18.28520000 18.63340000  9.84164000  7.98164000  6.73555000 12.35960000
  1.73796000  9.04602000  1.43811000  4.41023000  3.71609000  2.08380000
  2.39055000  4.57370000
*PERMJ *RG 1 1 6 *ALL   4.64390000   2.36133000   3.24247000   2.09667000 114.43400000
 210.81100000  99.95770000 164.24000000   1.99846000   1.57212000
   9.23235000   7.52856000   6.69666000   9.64476000  17.89910000
  21.69290000   3.17326000   3.76816000   2.48499000   5.88020000
*PERMJ *RG 1 1 7 *ALL   8.39482000   6.78785000  21.19980000  15.32100000  50.99740000
  64.94490000  38.60270000 240.76100000  11.96500000  31.18900000
  21.61420000  42.87430000  57.27520000  35.52090000  85.17520000
 113.27000000  18.52380000   3.14943000   7.85745000   5.70879000
*PERMJ *RG 1 1 8 *ALL   0.03040800   0.06515000   0.18875300   0.01954600   0.01081500
   0.04704500   0.08641600   0.01864400   0.05089400   0.07899300
   0.06407900   0.12647500   0.10648000   0.08097000   0.04856200
   0.10035000  36.07800000 129.23200000  36.43880000  95.20180000
*PERMJ *RG 1 1 9 *ALL  703.38700000  477.39500000  936.66300000  309.88800000 6284.38000000
  644.32800000 4005.14000000  516.16500000  187.49500000  374.74000000
  124.34800000  652.58200000 2442.81000000  282.66100000 1422.60000000
  232.81400000    0.13249100    0.03147900    0.18126600    0.02620300
*PERMJ *RG  1  1 10 *ALL   0.08763700   0.04238500   0.06936300   0.14769600 618.34000000
 541.90800000 628.16300000 561.29100000 233.80400000  72.66050000
 145.98600000 104.59700000  15.52030000  19.96120000  24.65030000
  10.31090000 419.23900000 201.35500000 300.46900000 157.00500000
*PERMJ *RG  1  1 11 *ALL 1037.09000000 2021.43000000    0.30816000  638.08900000  144.50700000
  383.39600000    0.13206000  341.40300000    0.04502900    0.37130000
    0.15789000    0.86906600    0.20621100    0.96831900    0.21328000
    0.39614200    0.61728700    0.25857000    0.17264000    0.70109200
*PERMJ *RG  1  1 12 *ALL 0.08025200 0.13223400 0.16142600 0.06526800 0.10006300 0.07671200
 0.05443000 0.03792600 0.05349300 0.07482400 0.10253500 0.03328700
 0.06024900 0.07337800 0.04825300 0.07990400 0.02839100 0.02393600
 0.03198400 0.05648200
*PERMJ *RG  1  1 13 *ALL   0.01865000   0.05042800   0.03136500   0.04262500   0.00970900
   0.02394400   0.02936200   0.01899900  90.69970000  64.93700000
   0.05494100   0.02301300 542.98900000 197.96300000 664.85500000
 166.77100000 178.77900000 111.82400000 183.98500000  12.86010000
*PERMJ *RG  1  1 14 *ALL  53.77480000 125.89900000 216.31900000 203.16400000  63.34230000
 142.34000000 150.68100000  55.91950000  17.88200000  16.23540000
   9.43049000  23.47220000 111.40600000  24.41230000  78.62610000
  34.56550000 469.14700000 122.26200000 249.42400000 149.75900000
*PERMJ *RG  1  1 15 *ALL 120.35500000 389.05300000 108.78700000 294.58500000  66.85160000
  33.64620000  38.05640000  40.91450000  37.49300000  48.71640000
   0.03464300  43.12240000   0.11822100   0.17194100   0.11063700
   0.09422700   0.28428400   0.26256600   0.12722600   0.22366000
*PERMJ *RG  1  1 16 *ALL 1.84032000 0.18786900 0.24210000 0.28512200 0.38014000 0.19990500
 0.50730200 0.71260600 0.61109200 0.61732300 0.38655100 0.43817600
 0.28326100 0.44960200 0.19355400 0.49873500 0.24561400 0.06952300
 0.08774200 0.34430300
*PERMJ *RG  1  1 17 *ALL 0.09984800 0.08917500 0.05125000 0.35045000 0.03749000 0.05916300
 0.07534100 0.11915800 0.11531300 0.10734200 0.05886600 0.12524400
 0.06305100 0.03906600 0.06919300 0.10314600 0.06454200 0.03408300
 0.11285900 0.10633900
*PERMJ *RG   1 110   1 *ALL  1.71021000  1.72338000  1.49704000  0.91801700 30.73360000  6.63662000
  6.23794000  4.48868000  1.29745000  2.17212000  1.21694000  7.75117000
  4.87943000  3.69653000 10.56080000  5.99302000  1.04622000  0.44927300
  0.64563800  0.25882300
*PERMJ *RG   1 110   2 *ALL   2.89169000   8.24992000  15.83500000  15.19620000   1.20588000
   4.27991000   1.69997000   3.85606000   1.82287000   1.37320000
   1.26902000   2.32572000  14.15030000  23.52360000  10.16620000
  48.10380000  68.99470000  46.44160000  60.55350000 121.95900000
*PERMJ *RG   1 110   3 *ALL    0.75333900    0.83994000    0.63870700    0.77847000    0.03885500
    0.02315200    0.01818200    0.02223800    2.85702000    1.54753000
    7.88916000    3.92057000    4.49504000    7.19477000   12.54230000
   11.03980000 2637.03000000 3410.81000000 1120.75000000 1638.44000000
*PERMJ *RG   1 110   4 *ALL   3.73473000  10.23490000   9.08153000   5.07202000 324.77800000
 891.97900000 152.78200000 205.09100000  10.43840000  11.00930000
  13.36330000  40.29960000   5.21624000   4.01561000   4.82859000
   3.73139000   1.75085000   3.10234000  28.64260000  20.45140000
*PERMJ *RG   1 110   5 *ALL   5.98298000  20.60920000  46.26250000  19.54830000  47.96380000
 101.04700000  12.52690000  20.46070000  31.10340000  29.56350000
  41.91460000  20.35970000  23.33460000 145.14100000  79.49360000
  28.94500000   8.98949000   4.16357000   4.82374000   1.65457000
*PERMJ *RG   1 110   6 *ALL   1.14625000   2.41240000   0.98267600   2.83368000   0.69914500
   0.33554000   0.40910000   0.92976800 244.58400000  97.27550000
 203.36000000 151.74000000  62.78180000  51.84180000  63.28040000
  53.04040000   5.40390000   7.05659000   5.06325000  16.05720000
*PERMJ *RG   1 110   7 *ALL 11.95320000 15.55660000  7.06306000 11.29670000  2.03100000  2.92832000
  0.61046700  1.30830000  2.28737000  2.09278000  3.41808000  3.19721000
  0.69302700  1.18068000  0.93736800  1.38426000  4.15085000  2.03687000
  2.11565000  2.75817000
*PERMJ *RG   1 110   8 *ALL 0.05375700 0.01239700 0.21982400 0.05796200 0.03477800 0.01063800
 0.06742800 0.04018900 0.04152800 0.06681500 0.05674500 0.05551100
 0.06748400 0.07899200 0.04212800 0.02175200 0.25596600 0.05325100
 0.02696400 0.02303700
*PERMJ *RG   1 110   9 *ALL    0.19239000    0.02481900    0.04402500    0.02252300  156.27500000
  599.96500000  395.34700000  507.69800000   20.56590000 1365.16000000
   17.85830000  491.02100000  202.13200000   99.49190000  163.87900000
  173.01800000  319.33600000  261.85600000  165.87200000  192.35800000
*PERMJ *RG   1 110  10 *ALL 1778.27000000  320.93600000 1857.42000000  384.07000000    0.17741000
    0.13870700    0.72060100    0.12650300    0.34582500    0.07986600
    0.45547300    0.12798900    0.33358500    0.07994800    0.38613500
    0.10307900    0.17287200    0.31805300    0.16312200    0.09100900
*PERMJ *RG   1 110  11 *ALL  654.93500000  331.01600000  414.48800000   87.60810000 1348.83000000
 1011.08000000  515.16800000 1619.02000000  426.79700000  168.21300000
  227.47100000  191.60100000  293.81400000  248.33800000  152.69200000
  276.98200000    0.02568100    0.02767800    0.07629800    0.03213700
*PERMJ *RG   1 110  12 *ALL 1181.24000000 1146.94000000 1329.91000000  881.90300000  355.42600000
  584.70600000  296.60900000  509.35500000   84.47360000  264.67000000
   99.59240000  247.43600000  219.27800000  293.81300000  240.37100000
  105.29900000  112.58300000  427.19500000   99.54250000   62.52090000
*PERMJ *RG   1 110  13 *ALL 728.49200000 305.88900000 746.94000000 398.87100000 283.05100000
 330.07900000 445.31700000 387.68900000  19.98900000 169.14700000
  44.28280000 282.53200000 388.77900000  42.41100000 174.58200000
 132.97100000 214.70800000 212.51100000 310.03000000 337.22000000
*PERMJ *RG   1 110  14 *ALL 0.05342700 0.15090100 0.05749700 0.36175900 0.04229900 0.10016000
 0.19356200 0.07723200 0.02838400 0.10223700 0.21173700 0.06290300
 0.11426100 0.09819300 0.06570800 0.07464800 0.10290300 0.16631400
 0.11229100 0.17072400
*PERMJ *RG   1 110  15 *ALL    0.03433100    0.44316800    0.23659000    0.06422400  828.42000000
 2098.40000000  190.53200000 2053.13000000  314.82600000  143.18200000
   41.91960000  215.63300000   35.27840000   34.98810000   96.94120000
   11.23870000  369.81100000  103.01800000   31.81550000   47.94990000
*PERMJ *RG   1 110  16 *ALL 989.24800000   0.04868100   0.01851300   0.01680100   0.00880700
   0.07775400   0.00645000   0.04032000   0.04174700   0.11721700
   0.01151300   0.06315300   0.04807000   0.07396700   0.00512800
   0.03610300   0.02687600   0.08486000   0.00532400   0.03572700
*PERMJ *RG   1 110  17 *ALL    0.07895700    0.01550700    0.05828200    0.02832600  114.41300000
   28.43460000  421.21500000  103.63000000  130.15000000   21.91350000
  185.56200000   29.73860000  258.42500000  183.87700000 1096.02000000
  112.34800000  127.70500000  102.22300000  130.46800000  111.09900000
*PERMJ *RG 30  1  1 *ALL 122.08300000 143.60800000  80.00470000 121.91300000   6.65024000
  11.32860000   3.23480000  11.86940000   6.51472000  20.74070000
  26.46150000  19.66320000  13.24750000   4.26466000  11.74490000
   6.37663000   5.72411000   2.83000000  12.13560000   9.51637000
*PERMJ *RG 30  1  2 *ALL 65.25840000 45.58660000 17.15060000  9.68473000  5.43708000  6.13174000
  4.21772000 11.52650000 65.10920000 37.71020000 25.57250000 11.15660000
  0.41076900  0.68696600  0.27956300  0.59223500  1.68269000  1.94980000
  2.79034000  1.91581000
*PERMJ *RG 30  1  3 *ALL  60.39830000  45.73350000 156.63400000  21.30040000  65.09010000
  81.83840000  57.03620000  50.48110000 125.02700000 508.48000000
 202.10000000 201.85400000  69.65370000  14.17940000  13.32520000
  12.12910000   6.83473000   3.36413000   4.01355000   4.34095000
*PERMJ *RG 30  1  4 *ALL   2.89847000   1.84616000   1.63842000   0.68411600  11.73190000
  25.95860000  10.67890000   4.94794000   1.26319000   1.02355000
   0.67340900   1.31684000   0.96762200   0.80960000   0.65635700
   0.70781000  33.68890000 151.01200000  28.32730000  45.57820000
*PERMJ *RG 30  1  5 *ALL 13.17850000  8.91284000  5.01951000  5.03822000  0.66292400  0.56792200
  0.79360000  0.36799600 18.76770000 36.60700000 45.78390000 29.71700000
  8.94500000  9.82990000 12.70290000  9.63989000  3.91301000  3.10981000
  4.77381000  2.87994000
*PERMJ *RG 30  1  6 *ALL  0.66949800  0.84874600  1.63743000  1.92915000 10.21640000 75.26500000
 42.00820000 37.89690000  5.68286000  8.71380000  8.55699000 10.13360000
 48.35600000  6.81737000 21.36660000  5.54872000  1.57144000  1.01138000
  0.43506400  0.46067000
*PERMJ *RG 30  1  7 *ALL 6.92182000 9.98100000 2.21490000 3.12009000 2.17959000 1.50766000
 0.69145500 1.40744000 0.71118000 0.89664900 0.89641100 0.46925100
 7.60650000 4.60506000 8.59167000 5.59428000 0.95066800 0.30228100
 0.81829800 1.08995000
*PERMJ *RG 30  1  8 *ALL    0.92384600    0.52919900    0.20356000    0.26714300    0.87052200
    0.23961300    0.19341400    0.42860500   57.95830000  235.00500000
   61.77570000  253.38900000  127.99500000 2311.09000000  237.98700000
 2182.04000000  195.67400000  103.21400000  258.02400000  166.52200000
*PERMJ *RG 30  1  9 *ALL 0.13911300 0.22045300 0.22129800 0.03908700 0.19561800 0.08700700
 0.11929300 0.09201800 0.26417700 0.17901000 0.58250600 0.66537700
 0.60345600 0.22306800 0.65127800 0.50904900 0.69563100 0.19702500
 0.29308000 0.68273900
*PERMJ *RG 30  1 10 *ALL    0.43114700    0.11207100    0.12708900    0.58353900    0.42958500
    0.08841700    0.26885600    0.09654600    0.07571300    0.03605900
    0.11593300    0.02659600    0.02654400    0.05031400    0.09150300
    0.02097300  737.31000000  361.75200000 2189.32000000  617.36800000
*PERMJ *RG 30  1 11 *ALL 1416.03000000  640.52000000 1081.95000000  542.94100000  296.82600000
  543.74300000  388.75300000  502.02300000  122.86600000   30.79560000
  122.64300000   46.20060000   72.42130000  336.72900000   83.67040000
  271.71700000  390.86600000  148.13500000  220.38500000  252.94200000
*PERMJ *RG 30  1 12 *ALL  78.36650000  16.15500000  54.80640000  16.03820000   9.70961000
  48.01370000   7.19734000  34.56050000   0.13191300   0.19143400
   0.07150600   0.03302800   0.22086700   0.05305700   0.02308600
 184.37300000   0.07288500 255.87700000   0.02740300 459.08000000
*PERMJ *RG 30  1 13 *ALL   0.06132200  34.25570000   0.06395900  69.30380000   0.30995300
 377.12800000   0.15577400 223.50100000   0.17108700   0.14245100
   0.27218000   0.12767800   0.10922000   0.49204800   0.07305900
   0.18783200   0.07177500   0.24783200   0.03840300   0.41271500
*PERMJ *RG 30  1 14 *ALL   0.07842600   0.10585100   0.14514200   0.24667500   0.12745800
   0.07951700   0.08865000   0.19794500   0.33277200   0.06160200
   0.19004000   0.07850000  10.68190000  21.03820000   0.11167400
  22.76890000 379.18300000 265.16600000   0.15571100 378.15900000
*PERMJ *RG 30  1 15 *ALL 305.35700000 312.99100000   0.36328100 210.09800000   0.12235900
   0.11911000   0.10552300   0.11272400   0.07410000   0.03477300
   0.05315500   0.09984200   0.03326800   0.01890000   0.04020500
   0.11928300   0.04723200   0.01354300   0.03311700   0.08847600
*PERMJ *RG 30  1 16 *ALL 0.09599800 0.07058800 0.03487800 0.11782800 0.20815600 0.19106500
 0.16821800 0.13774800 0.64303000 0.72692000 0.14211400 0.17438800
 0.23449000 0.50163800 0.12203500 0.28541200 0.26442800 0.50065900
 0.17752600 0.55711600
*PERMJ *RG 30  1 17 *ALL    0.03253700    0.15618400    0.12789300    3.10641000 1441.95000000
 2459.85000000 1446.60000000 1081.45000000 1060.90000000  405.35800000
 1326.07000000  496.21500000   17.86340000   39.05770000   10.37970000
   24.05530000   98.32700000  169.98200000  166.54800000  293.28600000
*PERMJ *RG  30 110   1 *ALL  6.53756000  8.67138000  5.51226000  6.94831000 61.90300000 25.57810000
 19.24550000 25.14180000  0.19044500  0.29865500  0.13500600  0.16726800
 13.19020000  9.16739000  5.61812000  3.77891000  0.69166900  0.86747900
  0.70264000  0.66849800
*PERMJ *RG  30 110   2 *ALL  20.14190000   9.11706000   9.05190000   1.82415000  28.72170000
  11.40190000  32.92010000  24.87160000  13.67730000  61.10800000
  12.46740000  32.66400000  20.22340000  65.48660000  51.02690000
 118.55000000   3.31491000   3.84365000   5.76592000   3.06098000
*PERMJ *RG  30 110   3 *ALL 13.16450000 10.20350000 12.85240000 47.87020000 23.83840000 22.06890000
  9.91028000 13.39400000  1.86091000  3.79213000  3.90580000  4.91571000
  1.37443000  3.74211000  1.20360000  2.47739000  1.27485000  1.83861000
  1.35080000  2.70212000
*PERMJ *RG  30 110   4 *ALL  12.39410000  78.92550000  22.64010000  16.56140000 183.38600000
 274.02900000 291.43500000 143.11100000  11.41810000   4.39455000
   7.27368000   4.05078000   2.15275000   6.69717000  10.67980000
   4.31222000  69.43810000  65.73560000 157.45300000 171.76500000
*PERMJ *RG  30 110   5 *ALL  3.90658000  3.13732000  5.07784000  6.32046000 25.61150000 33.74250000
 62.92140000 29.32750000  5.86189000  1.95962000  2.43217000  3.04646000
 29.05360000 13.16400000 13.63420000 13.56860000 11.66160000 36.29480000
  7.05340000  3.63049000
*PERMJ *RG  30 110   6 *ALL  123.94300000   33.96570000   93.73760000   58.00290000  706.57300000
 1053.54000000  518.66700000  811.26400000   43.12370000   54.27410000
   45.09340000   50.59720000   12.38070000   23.85730000   41.15830000
   31.15540000   26.99780000   14.98940000   40.56540000   68.98560000
*PERMJ *RG  30 110   7 *ALL   24.71700000   16.89970000   10.45810000   11.44210000  832.97600000
  485.43400000  578.48100000  259.07200000   12.00290000   12.93950000
   11.22250000    4.54188000   26.16610000   27.43520000   84.16290000
   93.02620000  716.80700000 1183.26000000  593.54400000  497.93400000
*PERMJ *RG  30 110   8 *ALL    0.14714300    0.17286500    0.08627300    0.14148600  689.71600000
  146.96900000  534.04800000  132.61200000 1070.12000000 1117.09000000
  577.06900000 1430.35000000  307.84100000  971.83300000  312.66500000
  630.64200000  168.86600000  498.82600000   66.18200000  194.92000000
*PERMJ *RG  30 110   9 *ALL    0.10981700    0.37628600    0.18522400    0.18791500    0.40341000
    0.20200400    0.47474700    0.11536600    0.97215300    0.05517400
    0.37806200    0.02998900  418.48300000    0.28204100  561.45800000
    0.06454000  235.27800000 3802.56000000  496.99800000    0.18916900
*PERMJ *RG  30 110  10 *ALL 414.69200000 282.79400000 430.31700000   0.08308800 644.67000000
 498.80300000 690.49000000   0.03591900   0.02312100   0.08222500
   0.04084100   0.02642000   0.08089900   0.07215000   0.05041100
   0.03499500   0.36733400   0.05466100   0.14395500   0.17813900
*PERMJ *RG  30 110  11 *ALL    0.12016600    0.05043800    0.24150400    0.18024700    0.11125200
    0.06161600    0.37855300    0.16098100    0.38064000    0.07123000
    0.09622200    0.05620000    0.14664200    0.16352400    0.12404700
    0.18329100   70.94200000 2333.00000000   56.79990000 1960.13000000
*PERMJ *RG  30 110  12 *ALL  207.27700000  994.51700000  133.09900000  722.05400000   93.92410000
 1180.34000000  125.48800000  881.52500000 2172.41000000   81.39080000
   75.84070000  118.09100000  404.87200000  305.45000000  108.95300000
  639.73200000  187.34500000  400.56000000  114.04800000  192.90800000
*PERMJ *RG  30 110  13 *ALL   18.39520000    7.26464000   24.49880000   12.45010000  141.80600000
  159.32600000   84.00050000  160.85900000  419.08100000 2608.13000000
  659.10100000 1356.62000000   41.85020000  142.77500000   18.06610000
   97.72780000 1334.02000000 5452.35000000 2807.27000000 9075.40000000
*PERMJ *RG  30 110  14 *ALL 610.85400000 164.40400000 211.54500000 180.85800000   6.62989000
  24.08130000  12.62570000  42.63110000   0.93176800   0.06045600
   0.30897500   0.07478500   0.98928400   0.14330300   0.22859100
   0.20768100   2.32398000   0.19602100   0.73691300   0.20430300
*PERMJ *RG  30 110  15 *ALL 1080.82000000  250.03900000  611.64500000  382.78000000 4356.25000000
  614.40400000 8465.50000000  736.92800000  469.23000000  345.05200000
  905.22700000  340.81300000  296.91500000  608.95000000  510.49900000
  487.32600000  215.95900000  229.50600000  321.62600000  237.33800000
*PERMJ *RG  30 110  16 *ALL 159.30200000 314.32000000 124.79400000 164.10000000  69.26270000
 148.18400000 162.55200000 295.87800000   0.04612200   0.19893600
   0.24653400   0.28742900   0.05095400   0.10596200   0.05812100
   0.12130500   0.14307100   0.16057400   0.12638500   0.05612500
*PERMJ *RG  30 110  17 *ALL 0.02997400 0.05171300 0.09143400 0.13441300 0.17538600 0.18747900
 0.07347900 0.50029100 0.14081700 0.24379400 0.04384600 0.59506600
 0.08440200 0.06477800 0.09524200 0.53602800 0.11108800 0.26901900
 0.08733300 0.16469300

*PERMK *RG 1 1 1 *ALL  5.48424000  8.57781000  9.02235000 14.21090000  0.00033650  0.00016704
  0.00037100  0.00029284  0.00076284  0.00040388  3.21156000  0.00019813
 13.07750000 13.79820000  5.25912000  5.47437000  0.00061851  0.00077754
  0.00057303  0.00056451
*PERMK *RG 1 1 2 *ALL 0.00016541 3.09396000 0.00053812 3.69417000 0.00005861 0.00017553
 0.00005022 0.00012533 2.75564000 0.00057975 0.00050308 0.00078786
 0.00072292 0.00068243 0.00040154 0.00050401 0.00038080 0.00021056
 0.00056589 0.00015268
*PERMK *RG 1 1 3 *ALL 0.00052297 0.00047283 0.00025722 0.00035826 0.00002417 0.00001620
 0.00002096 0.00002980 0.00010177 0.00031514 0.00011047 0.00012573
 0.00131058 0.00059870 0.00109972 0.00065707 0.00127783 0.00037427
 0.00081859 0.00067066
*PERMK *RG 1 1 4 *ALL 0.00099472 0.00149903 0.00024929 0.00044531 0.00045557 0.00099358
 0.00082472 5.57784000 8.40468000 0.00116540 6.92958000 0.00089912
 0.00073314 0.00038006 0.00034462 0.00011139 0.00072653 0.00073432
 0.00044383 0.00062051
*PERMK *RG 1 1 5 *ALL 0.00014951 0.00003772 0.00015166 0.00008512 0.00181764 0.00327599
 0.00182852 0.00186334 0.00098416 0.00079816 0.00067356 0.00123596
 0.00017380 0.00090460 0.00014381 0.00044102 0.00037161 0.00020838
 0.00023906 0.00045737
*PERMK *RG 1 1 6 *ALL  0.00046439  0.00023613  0.00032425  0.00020967 34.33020000 63.24330000
 29.98730000 49.27200000  0.00019985  0.00015721  0.00092324  0.00075286
  0.00066967  0.00096448  0.00178991  0.00216929  0.00031733  0.00037682
  0.00024850  0.00058802
*PERMK *RG 1 1 7 *ALL  0.00083948  0.00067879  0.00211998  0.00153210 15.29920000 19.48350000
 11.58080000 72.22830000  0.00119650  0.00311890  0.00216142  0.00428743
  0.00572752  0.00355209 25.55260000 33.98100000  5.55714000  0.00031494
  2.35723000  0.00057088
*PERMK *RG 1 1 8 *ALL  0.00000304  0.00000652  0.00001888  0.00000195  0.00000108  0.00000470
  0.00000864  0.00000186  0.00000509  0.00000790  0.00000641  0.00001265
  0.00001065  0.00000810  0.00000486  0.00001003 10.82340000 38.76960000
 10.93160000 28.56050000
*PERMK *RG 1 1 9 *ALL  0.07033870  0.04773950  0.09366630  0.03098880  0.62843800  0.06443280
  0.40051400  0.05161650  0.01874950  0.03747400 37.30440000  0.06525820
  0.24428100  0.02826610  0.14226000  0.02328140  0.00001325  0.00000315
  0.00001813  0.00000262
*PERMK *RG  1  1 10 *ALL 0.00000876 0.00000424 0.00000694 0.00001477 0.06183400 0.05419080
 0.06281630 0.05612910 0.02338040 0.00726605 0.01459860 0.01045970
 0.00155203 0.00199612 0.00246503 0.00103109 0.04192390 0.02013550
 0.03004690 0.01570050
*PERMK *RG  1  1 11 *ALL 0.10370900 0.20214300 0.00003082 0.06380890 0.01445070 0.03833960
 0.00001321 0.03414030 0.00000450 0.00003713 0.00001579 0.00008691
 0.00002062 0.00009683 0.00002133 0.00003961 0.00006173 0.00002586
 0.00001726 0.00007011
*PERMK *RG  1  1 12 *ALL 0.00000803 0.00001322 0.00001614 0.00000653 0.00001001 0.00000767
 0.00000544 0.00000379 0.00000535 0.00000748 0.00001025 0.00000333
 0.00000602 0.00000734 0.00000483 0.00000799 0.00000284 0.00000239
 0.00000320 0.00000565
*PERMK *RG  1  1 13 *ALL 0.00000186 0.00000504 0.00000314 0.00000426 0.00000097 0.00000239
 0.00000294 0.00000190 0.00906997 0.00649370 0.00000549 0.00000230
 0.05429890 0.01979630 0.06648550 0.01667710 0.01787790 0.01118240
 0.01839850 0.00128601
*PERMK *RG  1  1 14 *ALL  0.00537748  0.01258990  0.02163190  0.02031640  0.00633423  0.01423400
 45.20430000  0.00559195  5.36460000  4.87062000  2.82915000  7.04166000
 33.42180000  0.00244123 23.58780000 10.36960000  0.04691470  0.01222620
  0.02494240  0.01497590
*PERMK *RG  1  1 15 *ALL  0.01203550  0.03890530  0.01087870  0.02945850 20.05550000  0.00336462
 11.41690000  0.00409145  0.00374930  0.00487164  0.00000346  0.00431224
  0.00001182  0.00001719  0.00001106  0.00000942  0.00002843  0.00002626
  0.00001272  0.00002237
*PERMK *RG  1  1 16 *ALL 0.00018403 0.00001879 0.00002421 0.00002851 0.00003801 0.00001999
 0.00005073 0.00007126 0.00006111 0.00006173 0.00003866 0.00004382
 0.00002833 0.00004496 0.00001936 0.00004987 0.00002456 0.00000695
 0.00000877 0.00003443
*PERMK *RG  1  1 17 *ALL 0.00000998 0.00000892 0.00000513 0.00003505 0.00000375 0.00000592
 0.00000753 0.00001192 0.00001153 0.00001073 0.00000589 0.00001252
 0.00000631 0.00000391 0.00000692 0.00001031 0.00000645 0.00000341
 0.00001129 0.00001063
*PERMK *RG   1 110   1 *ALL 0.00017102 0.00017234 0.00014970 0.00009180 9.22008000 0.00066366
 0.00062379 0.00044887 0.00012975 0.00021721 0.00012169 2.32535000
 0.00048794 0.00036965 3.16824000 1.79791000 0.00010462 0.00004493
 0.00006456 0.00002588
*PERMK *RG   1 110   2 *ALL 0.00028917 0.00082499 4.75050000 4.55886000 0.00012059 0.00042799
 0.00017000 0.00038561 0.00018229 0.00013732 0.00012690 0.00023257
 0.00141503 0.00235236 0.00101662 0.00481038 0.00689947 0.00464416
 0.00605535 0.01219590
*PERMK *RG   1 110   3 *ALL    0.00007533    0.00008399    0.00006387    0.00007785    0.00000389
    0.00000232    0.00000182    0.00000222    0.85710600    0.00015475
    2.36675000    1.17617000    0.00044950    0.00071948    0.00125423
    0.00110398  791.10900000 1023.24000000  336.22500000  491.53200000
*PERMK *RG   1 110   4 *ALL   0.00037347   0.00102349   0.00090815   0.00050720  97.43340000
 267.59400000  45.83460000  61.52730000   0.00104384   0.00110093
   0.00133633  12.08990000   0.00052162   0.00040156   0.00048286
   0.00037314   0.00017509   0.00031023   8.59278000   6.13542000
*PERMK *RG   1 110   5 *ALL  0.00059830  6.18276000 13.87880000  0.00195483 14.38910000 30.31410000
  3.75807000  6.13821000  0.00311034  8.86905000 12.57440000  6.10791000
  7.00038000 43.54230000 23.84810000  8.68350000  2.69685000  0.00041636
  0.00048237  0.00016546
*PERMK *RG   1 110   6 *ALL  0.00011462  0.00024124  0.00009827  0.00028337  0.00006991  0.00003355
  0.00004091  0.00009298 73.37520000 29.18260000 61.00800000 45.52200000
 18.83450000 15.55250000 18.98410000 15.91210000  0.00054039  0.00070566
  0.00050632  4.81716000
*PERMK *RG   1 110   7 *ALL 0.00119532 0.00155566 0.00070631 0.00112967 0.00020310 0.00029283
 0.00006105 0.00013083 0.00022874 0.00020928 0.00034181 0.00031972
 0.00006930 0.00011807 0.00009374 0.00013843 0.00041508 0.00020369
 0.00021157 0.00027582
*PERMK *RG   1 110   8 *ALL 0.00000538 0.00000124 0.00002198 0.00000580 0.00000348 0.00000106
 0.00000674 0.00000402 0.00000415 0.00000668 0.00000567 0.00000555
 0.00000675 0.00000790 0.00000421 0.00000218 0.00002560 0.00000533
 0.00000270 0.00000230
*PERMK *RG   1 110   9 *ALL  0.00001924  0.00000248  0.00000440  0.00000225  0.01562750  0.05999650
  0.03953470  0.05076980  0.00205659  0.13651600  0.00178583  0.04910210
  0.02021320 29.84760000  0.01638790 51.90540000  0.03193360  0.02618560
  0.01658720  0.01923580
*PERMK *RG   1 110  10 *ALL   0.17782700  96.28080000   0.18574200 115.22100000   0.00001774
   0.00001387   0.00007206   0.00001265   0.00003458   0.00000799
   0.00004555   0.00001280   0.00003336   0.00000799   0.00003861
   0.00001031   0.00001729   0.00003181   0.00001631   0.00000910
*PERMK *RG   1 110  11 *ALL 0.06549350 0.03310160 0.04144880 0.00876081 0.13488300 0.10110800
 0.05151680 0.16190200 0.04267970 0.01682130 0.02274710 0.01916010
 0.02938140 0.02483380 0.01526920 0.02769820 0.00000257 0.00000277
 0.00000763 0.00000321
*PERMK *RG   1 110  12 *ALL  0.11812400  0.11469400  0.13299100  0.08819030  0.03554260  0.05847060
  0.02966090  0.05093550  0.00844736  0.02646700  0.00995924  0.02474360
 65.78340000  0.02938130  0.02403710  0.01052990  0.01125830  0.04271950
  0.00995425  0.00625209
*PERMK *RG   1 110  13 *ALL  0.07284920  0.03058890  0.07469400  0.03988710  0.02830510  0.03300790
  0.04453170  0.03876890  0.00199890  0.01691470  0.00442828  0.02825320
  0.03887790  0.00424110 52.37460000  0.01329710  0.02147080  0.02125110
  0.03100300  0.03372200
*PERMK *RG   1 110  14 *ALL 0.00000534 0.00001509 0.00000575 0.00003618 0.00000423 0.00001002
 0.00001936 0.00000772 0.00000284 0.00001022 0.00002117 0.00000629
 0.00001143 0.00000982 0.00000657 0.00000746 0.00001029 0.00001663
 0.00001123 0.00001707
*PERMK *RG   1 110  15 *ALL   0.00000343   0.00004432   0.00002366   0.00000642 248.52600000
   0.20984000   0.01905320   0.20531300  94.44780000  42.95460000
  12.57590000  64.68990000   0.00352784   0.00349881   0.00969412
   0.00112387   0.03698110   0.01030180   0.00318155   0.00479499
*PERMK *RG   1 110  16 *ALL 296.77400000   0.00000487   0.00000185   0.00000168   0.00000088
   0.00000778   0.00000064   0.00000403   0.00000417   0.00001172
   0.00000115   0.00000632   0.00000481   0.00000740   0.00000051
   0.00000361   0.00000269   0.00000849   0.00000053   0.00000357
*PERMK *RG   1 110  17 *ALL   0.00000790   0.00000155   0.00000583   0.00000283   0.01144130
   0.00284346   0.04212150   0.01036300   0.01301500   0.00219135
   0.01855620   0.00297386   0.02584250   0.01838770 328.80600000
   0.01123480   0.01277050   0.01022230   0.01304680   0.01110990
*PERMK *RG 30  1  1 *ALL 36.62490000 43.08240000 24.00140000 36.57390000  0.00066502  0.00113286
  0.00032348  0.00118694  0.00065147  0.00207407  0.00264615  0.00196632
  0.00132475  0.00042647  0.00117449  0.00063766  0.00057241  0.00028300
  0.00121356  0.00095164
*PERMK *RG 30  1  2 *ALL 19.57750000 13.67600000  0.00171506  0.00096847  0.00054371  0.00061317
  0.00042177  3.45795000 19.53280000 11.31310000  7.67175000  3.34698000
  0.00004108  0.00006870  0.00002796  0.00005922  0.00016827  0.00019498
  0.00027903  0.00019158
*PERMK *RG 30  1  3 *ALL  18.11950000  13.72000000  46.99020000   6.39012000  19.52700000
  24.55150000  17.11090000  15.14430000  37.50810000 152.54400000
  60.63000000  60.55620000  20.89610000   0.00141794   0.00133252
   0.00121291   0.00068347   0.00033641   0.00040135   0.00043410
*PERMK *RG 30  1  4 *ALL  0.00028985  0.00018462  0.00016384  0.00006841  3.51957000  7.78758000
  0.00106789  0.00049479  0.00012632  0.00010236  0.00006734  0.00013168
  0.00009676  0.00008096  0.00006564  0.00007078  0.00336889 45.30360000
  8.49819000 13.67350000
*PERMK *RG 30  1  5 *ALL  0.00131785  0.00089128  0.00050195  0.00050382  0.00006629  0.00005679
  0.00007936  0.00003680  5.63031000 10.98210000 13.73520000  8.91510000
  0.00089450  0.00098299  0.00127029  0.00096399  0.00039130  0.00031098
  0.00047738  0.00028799
*PERMK *RG 30  1  6 *ALL  0.00006695  0.00008487  0.00016374  0.00019291  0.00102164 22.57950000
 12.60250000 11.36910000  1.70486000  2.61414000  2.56710000  3.04008000
 14.50680000  0.00068174  6.40998000  0.00055487  0.00015714  0.00010114
  0.00004351  0.00004607
*PERMK *RG 30  1  7 *ALL 0.00069218 0.00099810 0.00022149 0.00031201 0.00021796 0.00015077
 0.00006915 0.00014074 0.00007112 0.00008966 0.00008964 0.00004693
 0.00076065 0.00046051 0.00085917 0.00055943 0.00009507 0.00003023
 0.00008183 0.00010899
*PERMK *RG 30  1  8 *ALL   0.00009238   0.00005292   0.00002036   0.00002671   0.00008705
   0.00002396   0.00001934   0.00004286  17.38750000  70.50150000
  18.53270000  76.01670000   0.01279950 693.32700000   0.02379870
 654.61200000   0.01956740   0.01032140   0.02580240   0.01665220
*PERMK *RG 30  1  9 *ALL 0.00001391 0.00002205 0.00002213 0.00000391 0.00001956 0.00000870
 0.00001193 0.00000920 0.00002642 0.00001790 0.00005825 0.00006654
 0.00006035 0.00002231 0.00006513 0.00005090 0.00006956 0.00001970
 0.00002931 0.00006827
*PERMK *RG 30  1 10 *ALL   0.00004311   0.00001121   0.00001271   0.00005835   0.00004296
   0.00000884   0.00002689   0.00000965   0.00000757   0.00000361
   0.00001159   0.00000266   0.00000265   0.00000503   0.00000915
   0.00000210 221.19300000 108.52600000 656.79600000 185.21000000
*PERMK *RG 30  1 11 *ALL 424.80900000 192.15600000 324.58500000 162.88200000  89.04780000
 163.12300000 116.62600000 150.60700000   0.01228660   0.00307956
   0.01226430   0.00462006   0.00724213   0.03367290   0.00836704
   0.02717170 117.26000000  44.44050000  66.11550000  75.88260000
*PERMK *RG 30  1 12 *ALL 23.50990000  4.84650000 16.44190000  4.81146000  0.00097096 14.40410000
  0.00071973  0.00345605  0.00001319  0.00001914  0.00000715  0.00000330
  0.00002209  0.00000531  0.00000231  0.01843730  0.00000729  0.02558770
  0.00000274  0.04590800
*PERMK *RG 30  1 13 *ALL 0.00000613 0.00342557 0.00000640 0.00693038 0.00003100 0.03771280
 0.00001558 0.02235010 0.00001711 0.00001425 0.00002722 0.00001277
 0.00001092 0.00004920 0.00000731 0.00001878 0.00000718 0.00002478
 0.00000384 0.00004127
*PERMK *RG 30  1 14 *ALL   0.00000784   0.00001059   0.00001451   0.00002467   0.00001275
   0.00000795   0.00000887   0.00001979   0.00003328   0.00000616
   0.00001900   0.00000785   0.00106819   0.00210382   0.00001117
   0.00227689   0.03791830  79.54980000   0.00001557 113.44800000
*PERMK *RG 30  1 15 *ALL 91.60710000  0.03129910  0.00003633  0.02100980  0.00001224  0.00001191
  0.00001055  0.00001127  0.00000741  0.00000348  0.00000532  0.00000998
  0.00000333  0.00000189  0.00000402  0.00001193  0.00000472  0.00000135
  0.00000331  0.00000885
*PERMK *RG 30  1 16 *ALL 0.00000960 0.00000706 0.00000349 0.00001178 0.00002082 0.00001911
 0.00001682 0.00001377 0.00006430 0.00007269 0.00001421 0.00001744
 0.00002345 0.00005016 0.00001220 0.00002854 0.00002644 0.00005007
 0.00001775 0.00005571
*PERMK *RG 30  1 17 *ALL  0.00000325  0.00001562  0.00001279  0.00031064  0.14419500  0.24598500
  0.14466000  0.10814500  0.10609000  0.04053580  0.13260700  0.04962150
  5.35902000 11.71730000  3.11391000  7.21659000  0.00983270 50.99460000
  0.01665480 87.98580000
*PERMK *RG  30 110   1 *ALL 0.00065376 0.00086714 0.00055123 0.00069483 0.00619030 0.00255781
 0.00192455 0.00251418 0.00001904 0.00002987 0.00001350 0.00001673
 0.00131902 0.00091674 0.00056181 0.00037789 0.00006917 0.00008675
 0.00007026 0.00006685
*PERMK *RG  30 110   2 *ALL  0.00201419  0.00091171  0.00090519  0.00018242  8.61651000  0.00114019
  9.87603000  7.46148000  0.00136773 18.33240000  0.00124674  9.79920000
  6.06702000 19.64600000 15.30810000 35.56500000  0.00033149  0.00038437
  0.00057659  0.00030610
*PERMK *RG  30 110   3 *ALL  3.94935000  3.06105000  0.00128524 14.36110000  7.15152000  6.62067000
  2.97308000  4.01820000  0.00018609  0.00037921  0.00039058  0.00049157
  0.00013744  0.00037421  0.00012036  0.00024774  0.00012748  0.00018386
  0.00013508  0.00027021
*PERMK *RG  30 110   4 *ALL  0.00123941 23.67760000  6.79203000  4.96842000 55.01580000 82.20870000
 87.43050000 42.93330000  3.42543000  0.00043945  0.00072737  0.00040508
  0.00021527  0.00066972  0.00106798  0.00043122 20.83140000 19.72070000
 47.23590000 51.52950000
*PERMK *RG  30 110   5 *ALL  0.00039066  0.00031373  0.00050778  0.00063205  7.68345000 10.12270000
 18.87640000  8.79825000  0.00058619  0.00019596  0.00024322  0.00030465
  8.71608000  0.00131640  0.00136342  0.00135686  0.00116616  0.00362948
  0.00070534  0.00036305
*PERMK *RG  30 110   6 *ALL  37.18290000  10.18970000  28.12130000  17.40090000 211.97200000
 316.06200000 155.60000000 243.37900000  12.93710000  16.28220000
  13.52800000  15.17920000   0.00123807   7.15719000  12.34750000
   9.34662000   0.00269978   0.00149894   0.00405654  20.69570000
*PERMK *RG  30 110   7 *ALL   7.41510000   0.00168997   0.00104581   3.43263000 249.89300000
 145.63000000 173.54400000  77.72160000   0.00120029   0.00129395
   0.00112225   0.00045419   0.00261661   0.00274352  25.24890000
  27.90790000 215.04200000 354.97800000 178.06300000 149.38000000
*PERMK *RG  30 110   8 *ALL   0.00001471   0.00001729   0.00000863   0.00001415   0.06897160
   0.01469690   0.05340480   0.01326120   0.10701200   0.11170900
   0.05770690   0.14303500  92.35230000 291.55000000  93.79950000
 189.19300000  50.65980000 149.64800000  19.85460000   0.01949200
*PERMK *RG  30 110   9 *ALL   0.00001098   0.00003763   0.00001852   0.00001879   0.00004034
   0.00002020   0.00004747   0.00001154   0.00009722   0.00000552
   0.00003781   0.00000300 125.54500000   0.00002820 168.43700000
   0.00000645  70.58340000   0.38025600 149.09900000   0.00001892
*PERMK *RG  30 110  10 *ALL 124.40800000   0.02827940 129.09500000   0.00000831   0.06446700
   0.04988030   0.06904900   0.00000359   0.00000231   0.00000822
   0.00000408   0.00000264   0.00000809   0.00000722   0.00000504
   0.00000350   0.00003673   0.00000547   0.00001440   0.00001781
*PERMK *RG  30 110  11 *ALL   0.00001202   0.00000504   0.00002415   0.00001802   0.00001113
   0.00000616   0.00003786   0.00001610   0.00003806   0.00000712
   0.00000962   0.00000562   0.00001466   0.00001635   0.00001240
   0.00001833   0.00709420 699.90000000   0.00567999 588.03900000
*PERMK *RG  30 110  12 *ALL  62.18310000 298.35500000  39.92970000 216.61600000   0.00939241
   0.11803400   0.01254880   0.08815250   0.21724100   0.00813908
   0.00758407   0.01180910   0.04048720   0.03054500   0.01089530
   0.06397320   0.01873450   0.04005600   0.01140480   0.01929080
*PERMK *RG  30 110  13 *ALL    0.00183952    2.17939000    0.00244988    3.73503000    0.01418060
    0.01593260    0.00840005    0.01608590    0.04190810    0.26081300
  197.73000000  406.98600000    0.00418502    0.01427750    0.00180661
    0.00977278  400.20600000 1635.71000000  842.18100000    0.90754000
*PERMK *RG  30 110  14 *ALL 183.25600000  49.32120000  63.46350000  54.25740000   1.98897000
   0.00240813   0.00126257   0.00426311   0.00009318   0.00000605
   0.00003090   0.00000748   0.00009893   0.00001433   0.00002286
   0.00002077   0.00023240   0.00001960   0.00007369   0.00002043
*PERMK *RG  30 110  15 *ALL   0.10808200   0.02500390   0.06116450   0.03827800   0.43562500
   0.06144040   0.84655000   0.07369280 140.76900000 103.51600000
 271.56800000 102.24400000  89.07450000 182.68500000 153.15000000
 146.19800000  64.78770000  68.85180000  96.48780000  71.20140000
*PERMK *RG  30 110  16 *ALL  0.01593020 94.29600000 37.43820000  0.01641000  0.00692627  0.01481840
 48.76560000  0.02958780  0.00000461  0.00001989  0.00002465  0.00002874
  0.00000510  0.00001060  0.00000581  0.00001213  0.00001431  0.00001606
  0.00001264  0.00000561
*PERMK *RG  30 110  17 *ALL 0.00000300 0.00000517 0.00000914 0.00001344 0.00001754 0.00001875
 0.00000735 0.00005003 0.00001408 0.00002438 0.00000438 0.00005951
 0.00000844 0.00000648 0.00000952 0.00005360 0.00001111 0.00002690
 0.00000873 0.00001647


*POR *RG 1 1 1 *ALL 0.18477800 0.19169900 0.19689500 0.20565200 0.08884000 0.06441300
 0.10677400 0.08150800 0.14797200 0.14032900 0.16575000 0.08951900
 0.24291600 0.26168900 0.20019000 0.20341900 0.15271400 0.17138900
 0.15279300 0.15615100
*POR *RG 1 1 2 *ALL 0.11270800 0.17751200 0.14669300 0.18626200 0.02177000 0.08749100
 0.01005400 0.06102500 0.14277300 0.13392400 0.14217400 0.14424800
 0.19982100 0.22151600 0.21080400 0.22190500 0.13621700 0.10367800
 0.11846600 0.07602600
*POR *RG 1 1 3 *ALL 0.13780500 0.13701300 0.10584400 0.12135600 0.00893400 0.00500900
 0.00000000 0.02090500 0.07595700 0.14506500 0.07053500 0.10010300
 0.21207500 0.19042600 0.21160900 0.19515600 0.15646900 0.11366500
 0.13337600 0.12956700
*POR *RG 1 1 4 *ALL 0.13332300 0.17346300 0.09413700 0.12808800 0.19591800 0.20197700
 0.23654600 0.24525400 0.26033900 0.21052800 0.25973900 0.20418900
 0.15147400 0.13526900 0.12910000 0.09338000 0.17078000 0.16605300
 0.14025200 0.14565800
*POR *RG 1 1 5 *ALL 0.08275100 0.02873000 0.05545500 0.07428400 0.19914000 0.22619400
 0.19545200 0.19091800 0.16226400 0.17112000 0.15237200 0.17951500
 0.10953300 0.16781800 0.11500600 0.12207100 0.21070400 0.17724200
 0.17807200 0.21330000
*POR *RG 1 1 6 *ALL 0.16360100 0.14137200 0.15680300 0.12731000 0.31153600 0.33576500
 0.32059600 0.33206300 0.07446000 0.05371600 0.15199100 0.13268000
 0.15095100 0.17917100 0.19461000 0.20317800 0.11089100 0.11787600
 0.08509100 0.14084800
*POR *RG 1 1 7 *ALL 0.18288500 0.16229200 0.22106500 0.19107000 0.22159700 0.21265900
 0.21748800 0.27709100 0.17681400 0.19910200 0.18623600 0.21008000
 0.22623000 0.21704500 0.22278900 0.24220100 0.27699200 0.18445700
 0.20903900 0.19666800
*POR *RG 1 1 8 *ALL 0.12337100 0.12026900 0.07404800 0.19869100 0.11814900 0.09842900
 0.08488000 0.17148700 0.08090600 0.14089900 0.12677900 0.14935700
 0.11988200 0.12395800 0.16875900 0.15112000 0.22878300 0.21985000
 0.20192400 0.19803300
*POR *RG 1 1 9 *ALL 0.19002800 0.18225600 0.18260400 0.22707400 0.30359400 0.27495800
 0.28332400 0.30989800 0.27819900 0.28864300 0.28763600 0.28188100
 0.08607200 0.17625000 0.08028200 0.12918100 0.13099600 0.06562900
 0.11138100 0.09346500
*POR *RG  1  1 10 *ALL 0.07935500 0.07587800 0.07488500 0.13001800 0.33896500 0.37433900
 0.33224600 0.36231300 0.19385300 0.20166100 0.18324000 0.23582400
 0.08876500 0.18846500 0.08719500 0.16558400 0.13743600 0.15932600
 0.16170700 0.15387000
*POR *RG  1  1 11 *ALL 0.33786400 0.38494700 0.10941900 0.38247200 0.32166600 0.32503000
 0.10276600 0.31385500 0.13598600 0.15579600 0.08229400 0.07137300
 0.08796000 0.15048300 0.06248500 0.09981600 0.07736400 0.10271600
 0.00000000 0.07821300
*POR *RG  1  1 12 *ALL 0.02169800 0.14467400 0.00000000 0.04777400 0.06537700 0.13096700
 0.06282500 0.05310200 0.03262300 0.04737900 0.03356100 0.08215000
 0.09163700 0.02925500 0.05548600 0.06118400 0.08032200 0.03431500
 0.08432600 0.06229100
*POR *RG  1  1 13 *ALL 0.06689000 0.06272800 0.12588300 0.08080300 0.07826400 0.04180400
 0.12690100 0.01879100 0.20829100 0.22840100 0.11213300 0.05614200
 0.17438100 0.25429500 0.17386400 0.21456600 0.20635400 0.22666700
 0.21160600 0.24904000
*POR *RG  1  1 14 *ALL 0.18682800 0.17359700 0.20488900 0.15911200 0.19593800 0.21500000
 0.21360700 0.22640600 0.27516000 0.26859900 0.27649000 0.27658900
 0.27794500 0.22150600 0.26012200 0.26584900 0.27491700 0.27753000
 0.26864200 0.30019600
*POR *RG  1  1 15 *ALL 0.33142200 0.33492400 0.33209100 0.35437100 0.18216500 0.19363400
 0.17538600 0.19384000 0.27740200 0.23352600 0.00000000 0.30716200
 0.00000000 0.00000000 0.06403800 0.00000000 0.00000000 0.00000000
 0.02684800 0.00000000
*POR *RG  1  1 16 *ALL 0.00000000 0.01541300 0.00000000 0.00193800 0.03083400 0.05109900
 0.00000000 0.00000000 0.03218000 0.08283000 0.02243900 0.04126300
 0.15138100 0.09473200 0.05595700 0.05131200 0.14741000 0.08861700
 0.08854700 0.04752000
*POR *RG  1  1 17 *ALL 0.15790600 0.14550600 0.06330800 0.04264300 0.09569400 0.12003700
 0.06794900 0.07679800 0.11313100 0.10361600 0.10727200 0.12569000
 0.11654100 0.06523200 0.13483200 0.06110400 0.12171400 0.09087200
 0.09738700 0.08060900
*POR *RG   1 110   1 *ALL 0.11348800 0.11662900 0.10905600 0.09005800 0.20233500 0.15704000
 0.13746600 0.15306100 0.08027200 0.10134200 0.07455400 0.13627400
 0.14270700 0.14871100 0.17677100 0.15106700 0.09578500 0.05502700
 0.07418300 0.02690100
*POR *RG   1 110   2 *ALL 0.15149200 0.17439200 0.20117600 0.20837600 0.10655800 0.16281800
 0.11457900 0.16469700 0.06221600 0.06627000 0.01318700 0.07062500
 0.18519500 0.20342200 0.17228900 0.23600700 0.18521000 0.18562200
 0.21544600 0.22984800
*POR *RG   1 110   3 *ALL 0.09218200 0.10596400 0.08822400 0.09923000 0.00000000 0.00000000
 0.00000000 0.00000000 0.17486200 0.15109400 0.20506400 0.18440800
 0.10002900 0.11494500 0.15282700 0.13510000 0.36141700 0.40518400
 0.33246400 0.36318700
*POR *RG   1 110   4 *ALL 0.07710800 0.12917500 0.11808000 0.09164200 0.29211300 0.33122400
 0.24157800 0.26976100 0.13585700 0.14149900 0.14941700 0.21209000
 0.09417400 0.04088800 0.07783800 0.03880000 0.13521000 0.14022900
 0.21376400 0.22021500
*POR *RG   1 110   5 *ALL 0.16661600 0.21564700 0.23908900 0.21452900 0.17163100 0.21643900
 0.14002700 0.16287700 0.23527200 0.23976900 0.23513100 0.22666000
 0.24331400 0.30421200 0.28321400 0.23539000 0.17283100 0.14041700
 0.14955000 0.11318000
*POR *RG   1 110   6 *ALL 0.11549700 0.15135400 0.10756200 0.15181900 0.04632700 0.01266200
 0.02481600 0.05648100 0.30313500 0.30049200 0.31712000 0.30098100
 0.28355900 0.28386400 0.28423400 0.26054300 0.14223500 0.14563800
 0.13277800 0.17866500
*POR *RG   1 110   7 *ALL 0.17635800 0.18859100 0.15265000 0.19131200 0.10469300 0.12229400
 0.04114700 0.09878600 0.12412900 0.09984400 0.12475700 0.13898000
 0.08426500 0.12614700 0.14016800 0.16067600 0.17096900 0.11638500
 0.14933300 0.12061100
*POR *RG   1 110   8 *ALL 0.09232100 0.05272400 0.13704000 0.07990200 0.07781100 0.01990900
 0.13085700 0.08444300 0.06965300 0.04083200 0.07460300 0.09560900
 0.04399400 0.08204300 0.01614100 0.01502700 0.02135700 0.01261300
 0.00000000 0.02504500
*POR *RG   1 110   9 *ALL 0.07491300 0.03171300 0.03542400 0.05610100 0.19844200 0.21440900
 0.18329500 0.22348400 0.26350400 0.20750100 0.25366400 0.17077300
 0.16615800 0.09297400 0.15501900 0.13297000 0.17829500 0.23812600
 0.16344000 0.22531100
*POR *RG   1 110  10 *ALL 0.31093000 0.21134000 0.29429700 0.21342700 0.04682400 0.08609800
 0.13752900 0.17372600 0.07214200 0.09680100 0.15215100 0.15440500
 0.03640000 0.11008800 0.12308500 0.16419700 0.05043400 0.03611000
 0.03742800 0.07952800
*POR *RG   1 110  11 *ALL 0.14869000 0.15517700 0.18596900 0.15049900 0.20629200 0.13915900
 0.16584300 0.13049500 0.22118400 0.22447000 0.24176400 0.25300400
 0.17984400 0.21768200 0.19541800 0.21103800 0.00339000 0.02154700
 0.03171500 0.04966100
*POR *RG   1 110  12 *ALL 0.29866100 0.29611200 0.31856900 0.31496100 0.22628700 0.23855800
 0.22684300 0.19928300 0.36636000 0.38439800 0.33293600 0.36787600
 0.20294100 0.22750700 0.23446600 0.25859600 0.30047200 0.16719700
 0.31573100 0.28524100
*POR *RG   1 110  13 *ALL 0.24809200 0.22879900 0.23427600 0.24638500 0.23434700 0.23939500
 0.27011600 0.21906600 0.31951200 0.30640000 0.31929800 0.31723200
 0.19481000 0.24433900 0.21323800 0.22832400 0.23925600 0.24826800
 0.24730200 0.20594200
*POR *RG   1 110  14 *ALL 0.00000000 0.05070400 0.03010400 0.00000000 0.03367600 0.00000000
 0.06310800 0.00000000 0.06403800 0.05019600 0.04152300 0.00000000
 0.09321400 0.06606000 0.01322200 0.02601900 0.09866100 0.08181500
 0.00000000 0.07062600
*POR *RG   1 110  15 *ALL 0.11766000 0.07160900 0.02991300 0.00000000 0.20971500 0.24335500
 0.22265700 0.22822500 0.23502100 0.26531200 0.23016400 0.29468200
 0.22354100 0.16856400 0.22205600 0.20830300 0.24146600 0.22066200
 0.19429900 0.15677500
*POR *RG   1 110  16 *ALL 0.10361900 0.02354200 0.00000000 0.03873800 0.00000000 0.00000000
 0.02464300 0.03661300 0.02344900 0.03496600 0.06799200 0.03859700
 0.06481100 0.02219100 0.07689800 0.03809400 0.06222700 0.00000000
 0.05332000 0.10428000
*POR *RG   1 110  17 *ALL 0.02442000 0.01884800 0.04202300 0.08469700 0.28541000 0.28572800
 0.19088500 0.32151800 0.21158600 0.24504200 0.24313200 0.23465900
 0.22474200 0.16393600 0.21020400 0.15194400 0.29472300 0.28288100
 0.25724200 0.27258100
*POR *RG 30  1  1 *ALL 0.27556600 0.27503300 0.25962000 0.26191900 0.15979600 0.17351900
 0.12512000 0.17707500 0.13183000 0.17264800 0.17424500 0.14914300
 0.19876700 0.15236900 0.20571100 0.17104400 0.05517300 0.05718500
 0.10843500 0.09929100
*POR *RG 30  1  2 *ALL 0.23807200 0.23856200 0.17687400 0.17789000 0.16624100 0.16254400
 0.14144900 0.19752600 0.25662700 0.23776700 0.22184400 0.18515900
 0.00743400 0.03382900 0.00000000 0.01037700 0.06860100 0.09265400
 0.09250400 0.09876500
*POR *RG 30  1  3 *ALL 0.22051600 0.24185700 0.26896500 0.19351400 0.15756500 0.17687500
 0.16695100 0.14374700 0.25803000 0.30229100 0.26820700 0.27089500
 0.23600200 0.16287000 0.17058300 0.15346900 0.19104500 0.14391200
 0.19362800 0.15487100
*POR *RG 30  1  4 *ALL 0.09341300 0.08016400 0.08880100 0.04961800 0.16853500 0.20416200
 0.16235500 0.13089200 0.11882900 0.13383800 0.09992100 0.11669700
 0.03715100 0.04933500 0.03797200 0.03111300 0.18016300 0.25616200
 0.19579800 0.21364000
*POR *RG 30  1  5 *ALL 0.16346200 0.16951800 0.13253700 0.13584700 0.09409900 0.04496900
 0.10099700 0.05210100 0.17350600 0.20016400 0.20657900 0.19267100
 0.16836100 0.17716500 0.17895100 0.15628700 0.15719700 0.14114900
 0.18020400 0.16035600
*POR *RG 30  1  6 *ALL 0.07394400 0.10529200 0.12155700 0.14849800 0.17138300 0.26572500
 0.25642900 0.23008100 0.14413000 0.16213900 0.13462000 0.14677100
 0.23992800 0.13014600 0.19358300 0.13790100 0.11488800 0.09626800
 0.06808200 0.06922100
*POR *RG 30  1  7 *ALL 0.14870300 0.15044500 0.09318500 0.10363500 0.10395600 0.08729100
 0.06915900 0.07610600 0.17112100 0.17222900 0.18299200 0.14917600
 0.18485600 0.14852700 0.18163000 0.15881000 0.07432400 0.02559400
 0.07532200 0.09314800
*POR *RG 30  1  8 *ALL 0.10776000 0.08607500 0.07022200 0.02099100 0.04695100 0.00000000
 0.02380300 0.02865300 0.12662500 0.17156600 0.11753600 0.18142000
 0.19452400 0.17841000 0.20486400 0.17826800 0.19149700 0.29477100
 0.18864400 0.28861600
*POR *RG 30  1  9 *ALL 0.03249100 0.03523300 0.00000000 0.03006200 0.04252900 0.01981200
 0.03987600 0.00000000 0.04425900 0.00000000 0.03233100 0.00735900
 0.00000000 0.00001000 0.08153400 0.08185700 0.00651800 0.04407600
 0.05376100 0.08625300
*POR *RG 30  1 10 *ALL 0.04422400 0.06533100 0.07709100 0.03437700 0.03208900 0.01158600
 0.08246800 0.08966600 0.05480800 0.00226800 0.04950400 0.05480900
 0.05188500 0.00718300 0.06983000 0.04948000 0.22309500 0.16754700
 0.24996800 0.19528700
*POR *RG 30  1 11 *ALL 0.37043300 0.33205900 0.36166600 0.34409000 0.32958700 0.25225500
 0.28267000 0.24181500 0.20118200 0.15450400 0.20149700 0.15676900
 0.19248900 0.26113300 0.20646200 0.24752900 0.32920100 0.32512000
 0.32824100 0.27781000
*POR *RG 30  1 12 *ALL 0.32581100 0.24915100 0.31383900 0.27177300 0.28614100 0.29924000
 0.27709800 0.26411200 0.14770200 0.15066200 0.24197000 0.08709200
 0.11833800 0.11780300 0.15248400 0.24995200 0.03812900 0.27602000
 0.08994700 0.27689500
*POR *RG 30  1 13 *ALL 0.08572200 0.20672200 0.09237400 0.25834800 0.11739500 0.13069800
 0.09845100 0.19234800 0.10960700 0.09067900 0.07903400 0.11918800
 0.15822500 0.07977400 0.08105600 0.03912300 0.15153200 0.09803700
 0.09361200 0.08204700
*POR *RG 30  1 14 *ALL 0.07688500 0.10897300 0.02373000 0.11758400 0.03941200 0.08175400
 0.04143100 0.07467500 0.04912600 0.03564500 0.03237700 0.02726700
 0.19935700 0.17502900 0.01232300 0.19881200 0.12646100 0.16474700
 0.07263700 0.13921400
*POR *RG 30  1 15 *ALL 0.21071800 0.20741500 0.00000000 0.19984100 0.07832000 0.01475500
 0.07541600 0.10710300 0.10049900 0.03151400 0.09461100 0.07196800
 0.14541700 0.06056700 0.09944000 0.08634000 0.05744300 0.09410800
 0.07068300 0.06460800
*POR *RG 30  1 16 *ALL 0.06857600 0.08313800 0.11597500 0.10346900 0.07577600 0.11149900
 0.12738800 0.10471000 0.11806700 0.13662800 0.11937300 0.16946500
 0.10763600 0.13874500 0.11138800 0.19066600 0.15940500 0.10052400
 0.06599500 0.17707500
*POR *RG 30  1 17 *ALL 0.07807600 0.09275900 0.02490000 0.13837300 0.37639100 0.29851800
 0.40000000 0.32101200 0.27811300 0.22693000 0.25858900 0.25448200
 0.24250400 0.28371300 0.21305800 0.27459600 0.27401900 0.20827400
 0.25522700 0.22178000
*POR *RG  30 110   1 *ALL 0.18584700 0.17469900 0.16761900 0.16688700 0.22481900 0.16818500
 0.16308900 0.17825100 0.00000000 0.00000000 0.00000000 0.00000000
 0.20708700 0.19826100 0.16746900 0.15380900 0.02276200 0.02859700
 0.01842600 0.00034700
*POR *RG  30 110   2 *ALL 0.14704200 0.11684800 0.11519000 0.08422900 0.20290100 0.16511500
 0.22818000 0.18307700 0.18219200 0.25576800 0.19097700 0.23945000
 0.23404100 0.28038700 0.26856900 0.30189200 0.17315400 0.18192200
 0.20243800 0.17665600
*POR *RG  30 110   3 *ALL 0.17445800 0.17380400 0.16381700 0.23067000 0.22315800 0.22367600
 0.21272700 0.21995800 0.12951700 0.15396100 0.15873800 0.16587500
 0.09191300 0.14106300 0.08660000 0.10182700 0.16571100 0.18263900
 0.14761700 0.18274600
*POR *RG  30 110   4 *ALL 0.18793100 0.28334300 0.22994100 0.24240500 0.31400500 0.30374100
 0.32345500 0.32438500 0.16741600 0.15282400 0.15046400 0.12831800
 0.14449400 0.16190000 0.19377700 0.13070200 0.24379800 0.21700500
 0.29042500 0.24115900
*POR *RG  30 110   5 *ALL 0.14183700 0.12281800 0.13142400 0.14403900 0.16758000 0.17276400
 0.20311200 0.17513500 0.10430200 0.03992100 0.08435700 0.09423300
 0.27613300 0.24116300 0.22301100 0.23788200 0.17101200 0.21503100
 0.17461600 0.12598100
*POR *RG  30 110   6 *ALL 0.30004200 0.22109400 0.27365500 0.25530400 0.38084000 0.39017300
 0.36113400 0.38004800 0.25887500 0.26553600 0.21887700 0.22732900
 0.20577700 0.21253900 0.24749700 0.22760200 0.18135500 0.17364800
 0.18424000 0.20322200
*POR *RG  30 110   7 *ALL 0.19828100 0.18096700 0.16745100 0.17338600 0.33650300 0.31263400
 0.31657400 0.27814700 0.13626100 0.16036400 0.12838200 0.09375800
 0.21472800 0.19475500 0.23955500 0.23664600 0.29896800 0.32849700
 0.27325400 0.28720500
*POR *RG  30 110   8 *ALL 0.11148900 0.09254700 0.09292700 0.03971800 0.25916400 0.24960700
 0.20128300 0.22336100 0.29587700 0.27987500 0.25674200 0.28462000
 0.34802400 0.30732300 0.34158600 0.36055300 0.21148400 0.20805100
 0.24970900 0.19659100
*POR *RG  30 110   9 *ALL 0.11682900 0.11216900 0.13883700 0.09399500 0.11357400 0.09370100
 0.06085900 0.05083200 0.07042600 0.14945200 0.07153100 0.11391000
 0.20164800 0.09764800 0.17140400 0.13259000 0.28554900 0.15420000
 0.28031900 0.09771600
*POR *RG  30 110  10 *ALL 0.17226200 0.20202300 0.19414300 0.10171600 0.33877700 0.35453700
 0.30437100 0.11922100 0.12067800 0.13291900 0.07478000 0.05924400
 0.08247600 0.07703600 0.07945200 0.06986700 0.08544600 0.05382100
 0.08430700 0.08241400
*POR *RG  30 110  11 *ALL 0.08413500 0.08041500 0.09321500 0.10425100 0.06565100 0.07867600
 0.04363000 0.10118000 0.06190700 0.08965200 0.08528300 0.14454000
 0.12279500 0.18801400 0.10675300 0.15082400 0.32217200 0.27022900
 0.31196100 0.29510100
*POR *RG  30 110  12 *ALL 0.22934100 0.27281200 0.25082700 0.28027700 0.25532000 0.29774200
 0.26702800 0.33235100 0.09104600 0.30769600 0.27389400 0.33540400
 0.25282900 0.22795500 0.26591000 0.22198200 0.24084600 0.19108400
 0.24811500 0.19679000
*POR *RG  30 110  13 *ALL 0.31024900 0.27246500 0.30669400 0.25513000 0.26782300 0.32462400
 0.28530400 0.29862400 0.21384900 0.29619800 0.21335600 0.30009700
 0.07153800 0.14846100 0.10277100 0.13428000 0.10247200 0.16559600
 0.12949200 0.16515200
*POR *RG  30 110  14 *ALL 0.34421000 0.31065000 0.32273200 0.32843300 0.29319300 0.24679600
 0.27314100 0.25365100 0.09697500 0.06578200 0.06717000 0.09955500
 0.12485000 0.13284700 0.06784900 0.04063400 0.13892600 0.10031100
 0.13969900 0.03853400
*POR *RG  30 110  15 *ALL 0.22402800 0.13607900 0.18418400 0.14554200 0.25253800 0.28514200
 0.27729100 0.27489900 0.29609800 0.35090600 0.32930500 0.34585500
 0.29808400 0.33216500 0.27969000 0.34405000 0.32477600 0.36773800
 0.31012500 0.31865600
*POR *RG  30 110  16 *ALL 0.18106100 0.27468600 0.20090700 0.25285600 0.26930400 0.26699400
 0.26904900 0.27221200 0.04221700 0.12772500 0.06085600 0.09668100
 0.11977600 0.10317900 0.07437900 0.11705000 0.10003200 0.11586500
 0.07234400 0.11157200
*POR *RG  30 110  17 *ALL 0.10954900 0.12943200 0.01711200 0.04835900 0.12891800 0.13994500
 0.09099100 0.10748100 0.11409500 0.14992300 0.07894800 0.12499400
 0.13765700 0.10144500 0.10787300 0.15207600 0.14427200 0.11093600
 0.09057100 0.08894300

